2.40741784E-17
1.82369459E-17
1.26495172E-17
9.84227377E-18
8.44148822E-18
7.85390555E-18
7.81512258E-18
8.21674334E-18
9.03325412E-18
1.03015107E-17
1.21049048E-17
1.45776672E-17
1.79144432E-17
2.23868609E-17
2.83680382E-17
3.63668576E-17
4.70751450E-17
6.14317230E-17
8.07085342E-17
1.06626369E-16
1.41509734E-16
1.88492485E-16
2.51782602E-16
3.37005642E-16
4.51639436E-16
6.05552820E-16
8.11602542E-16
1.08629491E-15
1.45046729E-15
1.93384957E-15
2.58217185E-15
3.45618741E-15
4.63219445E-15
6.20891660E-15
8.31277248E-15
1.11004825E-14
1.47372515E-14
1.93681744E-14
2.51381101E-14
3.21979515E-14
4.05339837E-14
5.07471979E-14
6.47075419E-14
8.39810488E-14
1.10887371E-13
1.48478845E-13
1.98101513E-13
2.58294783E-13
3.31973067E-13
4.08870015E-13
4.49458748E-13
3.99937389E-13
2.84586446E-13
1.58891250E-13
8.08866235E-14
3.56622245E-14
2.50101735E-14
1.95271798E-14
0.00000000E+00
0.00000000E+00
0.00000000E+00
0.00000000E+00
0.00000000E+00
2.13062129E-17
1.61260480E-17
1.11699633E-17
8.67838848E-18
7.43223181E-18
6.90493936E-18
6.86154805E-18
7.20525286E-18
7.91602001E-18
9.02271302E-18
1.05979778E-17
1.27590944E-17
1.56762512E-17
1.95870097E-17
2.48177140E-17
3.18134224E-17
4.11791033E-17
5.37355178E-17
7.05943134E-17
9.32588603E-17
1.23759060E-16
1.64830250E-16
2.20143239E-16
2.94602264E-16
3.94721144E-16
5.29088360E-16
7.08880611E-16
9.48430511E-16
1.26580580E-15
1.68677229E-15
2.25096071E-15
3.01040116E-15
4.03023955E-15
5.39530202E-15
7.21329452E-15
9.61703174E-15
1.27450182E-14
1.67162573E-14
2.16469672E-14
2.76552354E-14
3.47141015E-14
4.32936999E-14
5.49506279E-14
7.09392449E-14
9.30784179E-14
1.23676419E-13
1.63309711E-13
2.10138215E-13
2.63415496E-13
3.19463686E-13
3.42435025E-13
2.99475310E-13
2.10857482E-13
1.14753953E-13
5.32880777E-14
1.58521773E-14
5.70233303E-15
4.11583858E-15
0.00000000E+00
0.00000000E+00
0.00000000E+00
0.00000000E+00
0.00000000E+00
9.98532135E-18
7.57816395E-18
5.28688210E-18
4.13844950E-18
3.57071223E-18
3.34103303E-18
3.34177322E-18
3.52964018E-18
3.89637589E-18
4.45906039E-18
5.25522696E-18
6.34449219E-18
7.81291639E-18
9.78041293E-18
1.24116589E-17
1.59313501E-17
2.06452467E-17
2.69688346E-17
3.54660402E-17
4.69015407E-17
6.23112595E-17
8.30966653E-17
1.11147281E-16
1.49001194E-16
2.00050924E-16
2.68803593E-16
3.61179775E-16
4.84859484E-16
6.49659444E-16
8.69660194E-16
1.16656289E-15
1.57013764E-15
2.11841906E-15
2.86081064E-15
3.86260426E-15
5.20721675E-15
6.98786037E-15
9.29596110E-15
1.22327488E-14
1.59156102E-14
2.03980345E-14
2.61051208E-14
3.41706907E-14
4.57587128E-14
6.27791139E-14
8.82457367E-14
1.25789166E-13
1.81566119E-13
2.76904747E-13
4.66781656E-13
8.34961533E-13
1.43922901E-12
2.20511935E-12
3.00212371E-12
4.11131618E-12
5.66387108E-12
7.12246144E-12
5.95408133E-12
0.00000000E+00
0.00000000E+00
0.00000000E+00
0.00000000E+00
0.00000000E+00
