2.58976837E-42
1.95272135E-42
1.34787858E-42
1.04479625E-42
8.93473839E-43
8.29405414E-43
8.23884595E-43
8.65073889E-43
9.50058992E-43
1.08257867E-42
1.27130561E-42
1.53026916E-42
1.87985598E-42
2.34855322E-42
2.97554209E-42
3.81433437E-42
4.93780500E-42
6.44506322E-42
8.47081820E-42
1.11980769E-41
1.48753720E-41
1.98400579E-41
2.65497017E-41
3.56244653E-41
4.79039944E-41
6.45237499E-41
8.70170792E-41
1.17451543E-40
1.58610031E-40
2.14231036E-40
2.89325019E-40
3.90573341E-40
5.26873829E-40
7.09995404E-40
9.55206167E-40
1.28170906E-39
1.71156771E-39
2.26578876E-39
2.95292147E-39
3.74822694E-39
4.52397208E-39
4.84060509E-39
3.04684470E-39
0.00000000E+00
0.00000000E+00
0.00000000E+00
0.00000000E+00
0.00000000E+00
0.00000000E+00
0.00000000E+00
0.00000000E+00
0.00000000E+00
0.00000000E+00
0.00000000E+00
0.00000000E+00
0.00000000E+00
0.00000000E+00
0.00000000E+00
0.00000000E+00
0.00000000E+00
0.00000000E+00
0.00000000E+00
0.00000000E+00
2.29206108E-42
1.72674000E-42
1.19025576E-42
9.21270511E-43
7.86671625E-43
7.29208068E-43
7.23372210E-43
7.58595830E-43
8.32567838E-43
9.48201895E-43
1.11305216E-42
1.33937570E-42
1.64499685E-42
2.05482893E-42
2.60313960E-42
3.33672632E-42
4.31931044E-42
5.63753221E-42
7.40911756E-42
9.79394367E-42
1.30090368E-41
1.73488404E-41
2.32124921E-41
3.11406219E-41
4.18646820E-41
5.63730633E-41
7.59993723E-41
1.02540199E-40
1.38411254E-40
1.86854223E-40
2.52208417E-40
3.40191118E-40
4.58400609E-40
6.16950438E-40
8.28858394E-40
1.11041813E-39
1.48020472E-39
1.95560999E-39
2.54293633E-39
3.21947627E-39
3.87403885E-39
4.12824297E-39
2.58562045E-39
0.00000000E+00
0.00000000E+00
0.00000000E+00
0.00000000E+00
0.00000000E+00
0.00000000E+00
0.00000000E+00
0.00000000E+00
0.00000000E+00
0.00000000E+00
0.00000000E+00
0.00000000E+00
0.00000000E+00
0.00000000E+00
0.00000000E+00
0.00000000E+00
0.00000000E+00
0.00000000E+00
0.00000000E+00
0.00000000E+00
1.07399046E-42
8.11301077E-43
5.63256148E-43
4.39244331E-43
3.77881521E-43
3.52782675E-43
3.52257734E-43
3.71573158E-43
4.09764699E-43
4.68571045E-43
5.51898306E-43
6.65979128E-43
8.19828845E-43
1.02602555E-42
1.30186559E-42
1.67098346E-42
2.16559841E-42
2.82959078E-42
3.72271293E-42
4.92632520E-42
6.55122383E-42
8.74829565E-42
1.17229854E-41
1.57549986E-41
2.12250102E-41
2.86509014E-41
3.87368265E-41
5.24396898E-41
7.10588601E-41
9.63573925E-41
1.30724957E-40
1.77451484E-40
2.40969487E-40
3.27153436E-40
4.43851225E-40
6.01213503E-40
8.11433037E-40
1.08721697E-39
1.43666199E-39
1.85310753E-39
2.27886737E-39
2.49427741E-39
1.61045571E-39
0.00000000E+00
0.00000000E+00
0.00000000E+00
0.00000000E+00
0.00000000E+00
0.00000000E+00
0.00000000E+00
0.00000000E+00
0.00000000E+00
0.00000000E+00
0.00000000E+00
0.00000000E+00
0.00000000E+00
0.00000000E+00
0.00000000E+00
0.00000000E+00
0.00000000E+00
0.00000000E+00
0.00000000E+00
0.00000000E+00
